SETR Category,CIPCode,CIPField,Award level,Grand total,Grand total men,Grand total women,U.S. Resident/Citizen total,U.S. Resident/Citizen men,U.S. Resident/Citizen women,U.S. Nonresident total,U.S. Nonresident men,U.S. Nonresident women
Artificial Intelligence,11.0102,Artificial Intelligence,All award levels (total),703,511,192,379,379,110,324,242,82
Artificial Intelligence,11.0102,Artificial Intelligence,Associate's degree,7,6,1,7,7,1,0,0,0
Artificial Intelligence,11.0102,Artificial Intelligence,Bachelor's degree,104,71,33,85,85,25,19,11,8
Artificial Intelligence,11.0102,Artificial Intelligence,Master's degree,486,352,134,224,224,72,262,200,62
Artificial Intelligence,11.0102,Artificial Intelligence,Doctor's degree – research/scholarship,37,28,9,9,9,3,28,22,6
Artificial Intelligence,11.0102,Artificial Intelligence,Postbaccalaureate certificate,69,54,15,54,54,9,15,9,6
Artificial Intelligence,11.0401,Information Science/Studies,All award levels (total),17153,11245,5908,14475,14475,4677,2678,1447,1231
Artificial Intelligence,11.0401,Information Science/Studies,Postsecondary certificate < 60 semester credit hours,177,145,32,176,176,32,1,1,0
Artificial Intelligence,11.0401,Information Science/Studies,Postsecondary certificate > 60 semester credit hours,110,81,29,107,107,28,3,2,1
Artificial Intelligence,11.0401,Information Science/Studies,Associate's degree,987,788,199,975,975,196,12,9,3
Artificial Intelligence,11.0401,Information Science/Studies,Bachelor's degree,9584,6916,2668,8932,8932,2425,652,409,243
Artificial Intelligence,11.0401,Information Science/Studies,Master's degree,5850,3078,2772,3955,3955,1846,1895,969,926
Artificial Intelligence,11.0401,Information Science/Studies,Doctor's degree – research/scholarship,184,100,84,95,95,41,89,46,43
Artificial Intelligence,11.0401,Information Science/Studies,Postbaccalaureate certificate,254,134,120,229,229,105,25,10,15
Artificial Intelligence,11.0401,Information Science/Studies,Post-master's certificate,7,3,4,6,6,4,1,1,0
Artificial Intelligence,11.0501,Computer Systems Analysis/Analyst,All award levels (total),1822,1240,582,1448,1448,405,374,197,177
Artificial Intelligence,11.0501,Computer Systems Analysis/Analyst,Postsecondary certificate < 60 semester credit hours,33,27,6,33,33,6,0,0,0
Artificial Intelligence,11.0501,Computer Systems Analysis/Analyst,Associate's degree,99,77,22,96,96,21,3,2,1
Artificial Intelligence,11.0501,Computer Systems Analysis/Analyst,Bachelor's degree,982,743,239,920,920,212,62,35,27
Artificial Intelligence,11.0501,Computer Systems Analysis/Analyst,Master's degree,557,320,237,320,320,131,237,131,106
Artificial Intelligence,11.0501,Computer Systems Analysis/Analyst,Doctor's degree – research/scholarship,2,1,1,0,0,0,2,1,1
Artificial Intelligence,11.0501,Computer Systems Analysis/Analyst,Postbaccalaureate certificate,149,72,77,79,79,35,70,28,42
Artificial Intelligence,11.0701,Computer Science,All award levels (total),60227,46456,13771,46558,46558,9851,13669,9749,3920
Artificial Intelligence,11.0701,Computer Science,Postsecondary certificate < 60 semester credit hours,59,50,9,53,53,8,6,5,1
Artificial Intelligence,11.0701,Computer Science,Associate's degree,4463,3622,841,4152,4152,757,311,227,84
Artificial Intelligence,11.0701,Computer Science,Bachelor's degree,41956,32865,9091,36620,36620,7689,5336,3934,1402
Artificial Intelligence,11.0701,Computer Science,Master's degree,12083,8642,3441,5054,5054,1244,7029,4832,2197
Artificial Intelligence,11.0701,Computer Science,Doctor's degree – research/scholarship,1387,1072,315,470,470,105,917,707,210
Artificial Intelligence,11.0701,Computer Science,Doctor's degree – professional practice,64,55,9,64,64,9,0,0,0
Artificial Intelligence,11.0701,Computer Science,Postbaccalaureate certificate,194,136,58,137,137,37,57,36,21
Artificial Intelligence,11.0701,Computer Science,Post-master's certificate,21,14,7,8,8,2,13,8,5
Artificial Intelligence,11.0802,Data Modeling/Warehousing and Database Administration,All award levels (total),3119,1963,1156,2054,2054,702,1065,611,454
Artificial Intelligence,11.0802,Data Modeling/Warehousing and Database Administration,Postsecondary certificate < 60 semester credit hours,37,19,18,33,33,16,4,2,2
Artificial Intelligence,11.0802,Data Modeling/Warehousing and Database Administration,Postsecondary certificate > 60 semester credit hours,11,5,6,11,11,6,0,0,0
Artificial Intelligence,11.0802,Data Modeling/Warehousing and Database Administration,Associate's degree,125,76,49,122,122,48,3,2,1
Artificial Intelligence,11.0802,Data Modeling/Warehousing and Database Administration,Bachelor's degree,495,361,134,431,431,118,64,48,16
Artificial Intelligence,11.0802,Data Modeling/Warehousing and Database Administration,Master's degree,2223,1363,860,1307,1307,454,916,510,406
Artificial Intelligence,11.0802,Data Modeling/Warehousing and Database Administration,Postbaccalaureate certificate,217,134,83,141,141,54,76,47,29
Artificial Intelligence,11.0802,Data Modeling/Warehousing and Database Administration,Post-master's certificate,11,5,6,9,9,6,2,2,0
Artificial Intelligence,11.0804,"Modeling, Virtual Environments and Simulation",All award levels (total),860,660,200,687,687,148,173,121,52
Artificial Intelligence,11.0804,"Modeling, Virtual Environments and Simulation",Postsecondary certificate < 60 semester credit hours,21,13,8,21,21,8,0,0,0
Artificial Intelligence,11.0804,"Modeling, Virtual Environments and Simulation",Postsecondary certificate > 60 semester credit hours,26,24,2,26,26,2,0,0,0
Artificial Intelligence,11.0804,"Modeling, Virtual Environments and Simulation",Associate's degree,28,20,8,28,28,8,0,0,0
Artificial Intelligence,11.0804,"Modeling, Virtual Environments and Simulation",Bachelor's degree,542,448,94,477,477,78,65,49,16
Artificial Intelligence,11.0804,"Modeling, Virtual Environments and Simulation",Master's degree,176,120,56,103,103,31,73,48,25
Artificial Intelligence,11.0804,"Modeling, Virtual Environments and Simulation",Doctor's degree – research/scholarship,2,2,0,2,2,0,0,0,0
Artificial Intelligence,11.0804,"Modeling, Virtual Environments and Simulation",Postbaccalaureate certificate,62,33,29,27,27,18,35,24,11
Artificial Intelligence,11.0804,"Modeling, Virtual Environments and Simulation",Post-master's certificate,3,0,3,3,3,3,0,0,0
Artificial Intelligence,11.1005,Information Technology Project Management,All award levels (total),2155,1387,768,1679,1679,534,476,242,234
Artificial Intelligence,11.1005,Information Technology Project Management,Postsecondary certificate > 60 semester credit hours,15,8,7,15,15,7,0,0,0
Artificial Intelligence,11.1005,Information Technology Project Management,Associate's degree,52,41,11,52,52,11,0,0,0
Artificial Intelligence,11.1005,Information Technology Project Management,Bachelor's degree,967,727,240,939,939,232,28,20,8
Artificial Intelligence,11.1005,Information Technology Project Management,Master's degree,1023,567,456,612,612,246,411,201,210
Artificial Intelligence,11.1005,Information Technology Project Management,Doctor's degree – research/scholarship,7,2,5,7,7,5,0,0,0
Artificial Intelligence,11.1005,Information Technology Project Management,Postbaccalaureate certificate,91,42,49,54,54,33,37,21,16
Artificial Intelligence,14.0903,Computer Software Engineering,All award levels (total),4057,3051,1006,2789,2789,548,1268,810,458
Artificial Intelligence,14.0903,Computer Software Engineering,Postsecondary certificate < 60 semester credit hours,8,6,2,8,8,2,0,0,0
Artificial Intelligence,14.0903,Computer Software Engineering,Associate's degree,75,53,22,75,75,22,0,0,0
Artificial Intelligence,14.0903,Computer Software Engineering,Bachelor's degree,2153,1790,363,1958,1958,322,195,154,41
Artificial Intelligence,14.0903,Computer Software Engineering,Master's degree,1731,1136,595,695,695,191,1036,632,404
Artificial Intelligence,14.0903,Computer Software Engineering,Doctor's degree – research/scholarship,21,14,7,5,5,1,16,10,6
Artificial Intelligence,14.0903,Computer Software Engineering,Postbaccalaureate certificate,69,52,17,48,48,10,21,14,7
Artificial Intelligence,27.0303,Computational Mathematics,All award levels (total),411,268,143,275,275,91,136,84,52
Artificial Intelligence,27.0303,Computational Mathematics,Bachelor's degree,378,244,134,254,254,87,124,77,47
Artificial Intelligence,27.0303,Computational Mathematics,Master's degree,15,8,7,8,8,3,7,3,4
Artificial Intelligence,27.0303,Computational Mathematics,Doctor's degree – research/scholarship,17,15,2,12,12,1,5,4,1
Artificial Intelligence,27.0303,Computational Mathematics,Postbaccalaureate certificate,1,1,0,1,1,0,0,0,0
Biotechnology and Synthetic Biology,14.0301,Agricultural Engineering,All award levels (total),1382,791,591,1201,1201,526,181,116,65
Biotechnology and Synthetic Biology,14.0301,Agricultural Engineering,Postsecondary certificate < 60 semester credit hours,1,1,0,1,1,0,0,0,0
Biotechnology and Synthetic Biology,14.0301,Agricultural Engineering,Associate's degree,6,5,1,6,6,1,0,0,0
Biotechnology and Synthetic Biology,14.0301,Agricultural Engineering,Bachelor's degree,1042,602,440,996,996,422,46,28,18
Biotechnology and Synthetic Biology,14.0301,Agricultural Engineering,Master's degree,198,109,89,142,142,70,56,37,19
Biotechnology and Synthetic Biology,14.0301,Agricultural Engineering,Doctor's degree – research/scholarship,127,69,58,50,50,31,77,50,27
Biotechnology and Synthetic Biology,14.0301,Agricultural Engineering,Postbaccalaureate certificate,8,5,3,6,6,2,2,1,1
Biotechnology and Synthetic Biology,26.0202,Biochemistry,All award levels (total),10161,4322,5839,9410,9410,5378,751,290,461
Biotechnology and Synthetic Biology,26.0202,Biochemistry,Associate's degree,14,6,8,14,14,8,0,0,0
Biotechnology and Synthetic Biology,26.0202,Biochemistry,Bachelor's degree,9334,3943,5391,8780,8780,5039,554,202,352
Biotechnology and Synthetic Biology,26.0202,Biochemistry,Master's degree,344,142,202,273,273,161,71,30,41
Biotechnology and Synthetic Biology,26.0202,Biochemistry,Doctor's degree – research/scholarship,458,223,235,335,335,168,123,56,67
Biotechnology and Synthetic Biology,26.0202,Biochemistry,Postbaccalaureate certificate,7,6,1,5,5,1,2,2,0
Biotechnology and Synthetic Biology,26.0202,Biochemistry,Post-master's certificate,4,2,2,3,3,1,1,0,1
Biotechnology and Synthetic Biology,26.0406,Cell/Cellular and Molecular Biology,All award levels (total),4352,1670,2682,3993,3993,2476,359,153,206
Biotechnology and Synthetic Biology,26.0406,Cell/Cellular and Molecular Biology,Associate's degree,8,3,5,8,8,5,0,0,0
Biotechnology and Synthetic Biology,26.0406,Cell/Cellular and Molecular Biology,Bachelor's degree,3600,1328,2272,3379,3379,2138,221,87,134
Biotechnology and Synthetic Biology,26.0406,Cell/Cellular and Molecular Biology,Master's degree,259,106,153,216,216,127,43,17,26
Biotechnology and Synthetic Biology,26.0406,Cell/Cellular and Molecular Biology,Doctor's degree – research/scholarship,458,220,238,369,369,196,89,47,42
Biotechnology and Synthetic Biology,26.0406,Cell/Cellular and Molecular Biology,Postbaccalaureate certificate,10,3,7,8,8,5,2,0,2
Biotechnology and Synthetic Biology,26.0406,Cell/Cellular and Molecular Biology,Post-master's certificate,17,10,7,13,13,5,4,2,2
Biotechnology and Synthetic Biology,26.0502,"Microbiology, General",All award levels (total),2950,1092,1858,2825,2825,1777,125,44,81
Biotechnology and Synthetic Biology,26.0502,"Microbiology, General",Associate's degree,5,2,3,5,5,3,0,0,0
Biotechnology and Synthetic Biology,26.0502,"Microbiology, General",Bachelor's degree,2499,910,1589,2433,2433,1544,66,21,45
Biotechnology and Synthetic Biology,26.0502,"Microbiology, General",Master's degree,206,74,132,186,186,121,20,9,11
Biotechnology and Synthetic Biology,26.0502,"Microbiology, General",Doctor's degree – research/scholarship,233,102,131,194,194,106,39,14,25
Biotechnology and Synthetic Biology,26.0502,"Microbiology, General",Postbaccalaureate certificate,3,1,2,3,3,2,0,0,0
Biotechnology and Synthetic Biology,26.0502,"Microbiology, General",Post-master's certificate,4,3,1,4,4,1,0,0,0
Biotechnology and Synthetic Biology,26.0801,"Genetics, General",All award levels (total),735,259,476,663,663,429,72,25,47
Biotechnology and Synthetic Biology,26.0801,"Genetics, General",Bachelor's degree,522,154,368,491,491,346,31,9,22
Biotechnology and Synthetic Biology,26.0801,"Genetics, General",Master's degree,80,39,41,64,64,30,16,5,11
Biotechnology and Synthetic Biology,26.0801,"Genetics, General",Doctor's degree – research/scholarship,120,56,64,97,97,51,23,10,13
Biotechnology and Synthetic Biology,26.0801,"Genetics, General",Post-master's certificate,13,10,3,11,11,2,2,1,1
Biotechnology and Synthetic Biology,26.1007,Pharmacology and Toxicology,All award levels (total),181,66,115,141,141,88,40,13,27
Biotechnology and Synthetic Biology,26.1007,Pharmacology and Toxicology,Bachelor's degree,52,19,33,48,48,31,4,2,2
Biotechnology and Synthetic Biology,26.1007,Pharmacology and Toxicology,Master's degree,102,35,67,70,70,44,32,9,23
Biotechnology and Synthetic Biology,26.1007,Pharmacology and Toxicology,Doctor's degree – research/scholarship,27,12,15,23,23,13,4,2,2
Biotechnology and Synthetic Biology,26.1103,Bioinformatics,All award levels (total),1140,547,593,869,869,443,271,121,150
Biotechnology and Synthetic Biology,26.1103,Bioinformatics,Associate's degree,1,1,0,1,1,0,0,0,0
Biotechnology and Synthetic Biology,26.1103,Bioinformatics,Bachelor's degree,333,164,169,293,293,146,40,17,23
Biotechnology and Synthetic Biology,26.1103,Bioinformatics,Master's degree,605,273,332,450,450,239,155,62,93
Biotechnology and Synthetic Biology,26.1103,Bioinformatics,Doctor's degree – research/scholarship,145,84,61,79,79,31,66,36,30
Biotechnology and Synthetic Biology,26.1103,Bioinformatics,Postbaccalaureate certificate,51,23,28,43,43,26,8,6,2
Biotechnology and Synthetic Biology,26.1103,Bioinformatics,Post-master's certificate,5,2,3,3,3,1,2,0,2
Biotechnology and Synthetic Biology,26.1201,Biotechnology,All award levels (total),2995,1194,1801,2548,2548,1503,447,149,298
Biotechnology and Synthetic Biology,26.1201,Biotechnology,Postsecondary certificate < 60 semester credit hours,19,8,11,19,19,11,0,0,0
Biotechnology and Synthetic Biology,26.1201,Biotechnology,Postsecondary certificate > 60 semester credit hours,3,1,2,3,3,2,0,0,0
Biotechnology and Synthetic Biology,26.1201,Biotechnology,Associate's degree,141,54,87,135,135,82,6,1,5
Biotechnology and Synthetic Biology,26.1201,Biotechnology,Bachelor's degree,1039,435,604,974,974,564,65,25,40
Biotechnology and Synthetic Biology,26.1201,Biotechnology,Master's degree,1668,648,1020,1308,1308,777,360,117,243
Biotechnology and Synthetic Biology,26.1201,Biotechnology,Doctor's degree – research/scholarship,22,9,13,18,18,11,4,2,2
Biotechnology and Synthetic Biology,26.1201,Biotechnology,Postbaccalaureate certificate,100,37,63,89,89,56,11,4,7
Biotechnology and Synthetic Biology,26.1201,Biotechnology,Post-master's certificate,3,2,1,2,2,0,1,0,1
Biotechnology and Synthetic Biology,26.1307,Conservation Biology,All award levels (total),351,111,240,343,343,239,8,7,1
Biotechnology and Synthetic Biology,26.1307,Conservation Biology,Bachelor's degree,216,73,143,215,215,143,1,1,0
Biotechnology and Synthetic Biology,26.1307,Conservation Biology,Master's degree,118,29,89,113,113,88,5,4,1
Biotechnology and Synthetic Biology,26.1307,Conservation Biology,Doctor's degree – research/scholarship,14,8,6,12,12,6,2,2,0
Biotechnology and Synthetic Biology,26.1307,Conservation Biology,Postbaccalaureate certificate,3,1,2,3,3,2,0,0,0
Biotechnology and Synthetic Biology,41.0101,Biology/Biotechnology Technology/Technician,All award levels (total),537,212,325,511,511,305,26,6,20
Biotechnology and Synthetic Biology,41.0101,Biology/Biotechnology Technology/Technician,Postsecondary certificate < 60 semester credit hours,196,89,107,192,192,103,4,0,4
Biotechnology and Synthetic Biology,41.0101,Biology/Biotechnology Technology/Technician,Associate's degree,279,98,181,264,264,168,15,2,13
Biotechnology and Synthetic Biology,41.0101,Biology/Biotechnology Technology/Technician,Bachelor's degree,61,24,37,54,54,34,7,4,3
Biotechnology and Synthetic Biology,41.0101,Biology/Biotechnology Technology/Technician,Master's degree,1,1,0,1,1,0,0,0,0
Cryptography,11.0401,Information Science/Studies,All award levels (total),17153,11245,5908,14475,14475,4677,2678,1447,1231
Cryptography,11.0401,Information Science/Studies,Postsecondary certificate < 60 semester credit hours,177,145,32,176,176,32,1,1,0
Cryptography,11.0401,Information Science/Studies,Postsecondary certificate > 60 semester credit hours,110,81,29,107,107,28,3,2,1
Cryptography,11.0401,Information Science/Studies,Associate's degree,987,788,199,975,975,196,12,9,3
Cryptography,11.0401,Information Science/Studies,Bachelor's degree,9584,6916,2668,8932,8932,2425,652,409,243
Cryptography,11.0401,Information Science/Studies,Master's degree,5850,3078,2772,3955,3955,1846,1895,969,926
Cryptography,11.0401,Information Science/Studies,Doctor's degree – research/scholarship,184,100,84,95,95,41,89,46,43
Cryptography,11.0401,Information Science/Studies,Postbaccalaureate certificate,254,134,120,229,229,105,25,10,15
Cryptography,11.0401,Information Science/Studies,Post-master's certificate,7,3,4,6,6,4,1,1,0
Cryptography,11.0501,Computer Systems Analysis/Analyst,All award levels (total),1822,1240,582,1448,1448,405,374,197,177
Cryptography,11.0501,Computer Systems Analysis/Analyst,Postsecondary certificate < 60 semester credit hours,33,27,6,33,33,6,0,0,0
Cryptography,11.0501,Computer Systems Analysis/Analyst,Associate's degree,99,77,22,96,96,21,3,2,1
Cryptography,11.0501,Computer Systems Analysis/Analyst,Bachelor's degree,982,743,239,920,920,212,62,35,27
Cryptography,11.0501,Computer Systems Analysis/Analyst,Master's degree,557,320,237,320,320,131,237,131,106
Cryptography,11.0501,Computer Systems Analysis/Analyst,Doctor's degree – research/scholarship,2,1,1,0,0,0,2,1,1
Cryptography,11.0501,Computer Systems Analysis/Analyst,Postbaccalaureate certificate,149,72,77,79,79,35,70,28,42
Cryptography,11.0701,Computer Science,All award levels (total),60227,46456,13771,46558,46558,9851,13669,9749,3920
Cryptography,11.0701,Computer Science,Postsecondary certificate < 60 semester credit hours,59,50,9,53,53,8,6,5,1
Cryptography,11.0701,Computer Science,Associate's degree,4463,3622,841,4152,4152,757,311,227,84
Cryptography,11.0701,Computer Science,Bachelor's degree,41956,32865,9091,36620,36620,7689,5336,3934,1402
Cryptography,11.0701,Computer Science,Master's degree,12083,8642,3441,5054,5054,1244,7029,4832,2197
Cryptography,11.0701,Computer Science,Doctor's degree – research/scholarship,1387,1072,315,470,470,105,917,707,210
Cryptography,11.0701,Computer Science,Doctor's degree – professional practice,64,55,9,64,64,9,0,0,0
Cryptography,11.0701,Computer Science,Postbaccalaureate certificate,194,136,58,137,137,37,57,36,21
Cryptography,11.0701,Computer Science,Post-master's certificate,21,14,7,8,8,2,13,8,5
Cryptography,11.0802,Data Modeling/Warehousing and Database Administration,All award levels (total),3119,1963,1156,2054,2054,702,1065,611,454
Cryptography,11.0802,Data Modeling/Warehousing and Database Administration,Postsecondary certificate < 60 semester credit hours,37,19,18,33,33,16,4,2,2
Cryptography,11.0802,Data Modeling/Warehousing and Database Administration,Postsecondary certificate > 60 semester credit hours,11,5,6,11,11,6,0,0,0
Cryptography,11.0802,Data Modeling/Warehousing and Database Administration,Associate's degree,125,76,49,122,122,48,3,2,1
Cryptography,11.0802,Data Modeling/Warehousing and Database Administration,Bachelor's degree,495,361,134,431,431,118,64,48,16
Cryptography,11.0802,Data Modeling/Warehousing and Database Administration,Master's degree,2223,1363,860,1307,1307,454,916,510,406
Cryptography,11.0802,Data Modeling/Warehousing and Database Administration,Postbaccalaureate certificate,217,134,83,141,141,54,76,47,29
Cryptography,11.0802,Data Modeling/Warehousing and Database Administration,Post-master's certificate,11,5,6,9,9,6,2,2,0
Cryptography,11.1003,Computer and Information Systems Security/Auditing/Information Assurance,All award levels (total),20898,16435,4463,19102,19102,3975,1796,1308,488
Cryptography,11.1003,Computer and Information Systems Security/Auditing/Information Assurance,Postsecondary certificate < 60 semester credit hours,1489,1180,309,1468,1468,299,21,11,10
Cryptography,11.1003,Computer and Information Systems Security/Auditing/Information Assurance,Associate's degree,4168,3325,843,4084,4084,814,84,55,29
Cryptography,11.1003,Computer and Information Systems Security/Auditing/Information Assurance,Bachelor's degree,7257,5950,1307,7039,7039,1257,218,168,50
Cryptography,11.1003,Computer and Information Systems Security/Auditing/Information Assurance,Master's degree,6711,5034,1677,5358,5358,1309,1353,985,368
Cryptography,11.1003,Computer and Information Systems Security/Auditing/Information Assurance,Doctor's degree – research/scholarship,118,100,18,113,113,18,5,5,0
Cryptography,11.1003,Computer and Information Systems Security/Auditing/Information Assurance,Postbaccalaureate certificate,1119,817,302,1005,1005,271,114,83,31
Cryptography,11.1003,Computer and Information Systems Security/Auditing/Information Assurance,Post-master's certificate,36,29,7,35,35,7,1,1,0
Cryptography,27.0101,"Mathematics, General",All award levels (total),28216,17465,10751,23269,23269,8920,4947,3116,1831
Cryptography,27.0101,"Mathematics, General",Postsecondary certificate < 60 semester credit hours,14,7,7,14,14,7,0,0,0
Cryptography,27.0101,"Mathematics, General",Associate's degree,4224,2867,1357,4033,4033,1272,191,106,85
Cryptography,27.0101,"Mathematics, General",Bachelor's degree,20239,12128,8111,16702,16702,6733,3537,2159,1378
Cryptography,27.0101,"Mathematics, General",Master's degree,2413,1497,916,1802,1802,717,611,412,199
Cryptography,27.0101,"Mathematics, General",Doctor's degree – research/scholarship,1264,937,327,667,667,161,597,431,166
Cryptography,27.0101,"Mathematics, General",Postbaccalaureate certificate,47,20,27,42,42,25,5,3,2
Cryptography,27.0101,"Mathematics, General",Post-master's certificate,15,9,6,9,9,5,6,5,1
Cryptography,27.0303,Computational Mathematics,All award levels (total),411,268,143,275,275,91,136,84,52
Cryptography,27.0303,Computational Mathematics,Bachelor's degree,378,244,134,254,254,87,124,77,47
Cryptography,27.0303,Computational Mathematics,Master's degree,15,8,7,8,8,3,7,3,4
Cryptography,27.0303,Computational Mathematics,Doctor's degree – research/scholarship,17,15,2,12,12,1,5,4,1
Cryptography,27.0303,Computational Mathematics,Postbaccalaureate certificate,1,1,0,1,1,0,0,0,0
Cryptography,27.0502,Mathematical Statistics and Probability,All award levels (total),459,287,172,243,243,75,216,119,97
Cryptography,27.0502,Mathematical Statistics and Probability,Bachelor's degree,301,192,109,206,206,60,95,46,49
Cryptography,27.0502,Mathematical Statistics and Probability,Master's degree,132,75,57,28,28,14,104,61,43
Cryptography,27.0502,Mathematical Statistics and Probability,Doctor's degree – research/scholarship,25,20,5,8,8,0,17,12,5
Cryptography,27.0502,Mathematical Statistics and Probability,Postbaccalaureate certificate,1,0,1,1,1,1,0,0,0
Cryptography,27.0503,Mathematics and Statistics,All award levels (total),532,295,237,405,405,174,127,64,63
Cryptography,27.0503,Mathematics and Statistics,Bachelor's degree,313,183,130,228,228,91,85,46,39
Cryptography,27.0503,Mathematics and Statistics,Master's degree,200,103,97,159,159,74,41,18,23
Cryptography,27.0503,Mathematics and Statistics,Postbaccalaureate certificate,19,9,10,18,18,9,1,0,1
Cryptography,52.1302,Business Statistics,All award levels (total),4272,2241,2031,2333,2333,902,1939,810,1129
Cryptography,52.1302,Business Statistics,Postsecondary certificate < 60 semester credit hours,20,10,10,15,15,6,5,1,4
Cryptography,52.1302,Business Statistics,Associate's degree,12,6,6,12,12,6,0,0,0
Cryptography,52.1302,Business Statistics,Bachelor's degree,652,424,228,577,577,201,75,48,27
Cryptography,52.1302,Business Statistics,Master's degree,3143,1540,1603,1392,1392,564,1751,712,1039
Cryptography,52.1302,Business Statistics,Doctor's degree – research/scholarship,7,4,3,1,1,0,6,3,3
Cryptography,52.1302,Business Statistics,Postbaccalaureate certificate,339,210,129,290,290,108,49,28,21
Cryptography,52.1302,Business Statistics,Post-master's certificate,99,47,52,46,46,17,53,18,35
Lasers,14.0803,Structural Engineering,All award levels (total),326,230,96,267,267,80,59,43,16
Lasers,14.0803,Structural Engineering,Associate's degree,4,4,0,4,4,0,0,0,0
Lasers,14.0803,Structural Engineering,Bachelor's degree,155,110,45,146,146,42,9,6,3
Lasers,14.0803,Structural Engineering,Master's degree,127,88,39,98,98,31,29,21,8
Lasers,14.0803,Structural Engineering,Doctor's degree – research/scholarship,26,20,6,7,7,1,19,14,5
Lasers,14.0803,Structural Engineering,Postbaccalaureate certificate,14,8,6,12,12,6,2,2,0
Lasers,14.1001,Electrical and Electronics Engineering,All award levels (total),25759,21207,4552,18833,18833,3176,6926,5550,1376
Lasers,14.1001,Electrical and Electronics Engineering,Postsecondary certificate < 60 semester credit hours,160,142,18,160,160,18,0,0,0
Lasers,14.1001,Electrical and Electronics Engineering,Associate's degree,250,216,34,229,229,32,21,19,2
Lasers,14.1001,Electrical and Electronics Engineering,Bachelor's degree,16287,13573,2714,14305,14305,2415,1982,1683,299
Lasers,14.1001,Electrical and Electronics Engineering,Master's degree,6780,5394,1386,3454,3454,593,3326,2533,793
Lasers,14.1001,Electrical and Electronics Engineering,Doctor's degree – research/scholarship,2158,1775,383,588,588,107,1570,1294,276
Lasers,14.1001,Electrical and Electronics Engineering,Postbaccalaureate certificate,110,95,15,90,90,11,20,16,4
Lasers,14.1001,Electrical and Electronics Engineering,Post-master's certificate,14,12,2,7,7,0,7,5,2
Lasers,14.1003,Laser and Optical Engineering,All award levels (total),127,96,31,77,77,21,50,40,10
Lasers,14.1003,Laser and Optical Engineering,Bachelor's degree,68,52,16,54,54,15,14,13,1
Lasers,14.1003,Laser and Optical Engineering,Master's degree,29,20,9,13,13,4,16,11,5
Lasers,14.1003,Laser and Optical Engineering,Doctor's degree – research/scholarship,30,24,6,10,10,2,20,16,4
Lasers,14.1004,Telecommunications Engineering,All award levels (total),63,42,21,31,31,8,32,19,13
Lasers,14.1004,Telecommunications Engineering,Master's degree,53,34,19,27,27,7,26,14,12
Lasers,14.1004,Telecommunications Engineering,Doctor's degree – research/scholarship,5,4,1,1,1,0,4,3,1
Lasers,14.1004,Telecommunications Engineering,Postbaccalaureate certificate,5,4,1,3,3,1,2,2,0
Lasers,15.0303,"Electrical, Electronic, and Communications Engineering Technology/Technician",All award levels (total),4260,3870,390,4138,4138,363,122,95,27
Lasers,15.0303,"Electrical, Electronic, and Communications Engineering Technology/Technician",Postsecondary certificate < 60 semester credit hours,614,573,41,603,603,38,11,8,3
Lasers,15.0303,"Electrical, Electronic, and Communications Engineering Technology/Technician",Postsecondary certificate > 60 semester credit hours,4,2,2,4,4,2,0,0,0
Lasers,15.0303,"Electrical, Electronic, and Communications Engineering Technology/Technician",Associate's degree,2358,2143,215,2312,2312,200,46,31,15
Lasers,15.0303,"Electrical, Electronic, and Communications Engineering Technology/Technician",Bachelor's degree,1273,1144,129,1214,1214,122,59,52,7
Lasers,15.0303,"Electrical, Electronic, and Communications Engineering Technology/Technician",Master's degree,11,8,3,5,5,1,6,4,2
Lasers,15.0304,Laser and Optical Technology/Technician,All award levels (total),123,97,26,123,123,26,0,0,0
Lasers,15.0304,Laser and Optical Technology/Technician,Postsecondary certificate < 60 semester credit hours,65,52,13,65,65,13,0,0,0
Lasers,15.0304,Laser and Optical Technology/Technician,Associate's degree,58,45,13,58,58,13,0,0,0
Lasers,15.0499,"Electromechanical Technologies/Technicians, Other",All award levels (total),941,869,72,941,941,72,0,0,0
Lasers,15.0499,"Electromechanical Technologies/Technicians, Other",Postsecondary certificate < 60 semester credit hours,266,252,14,266,266,14,0,0,0
Lasers,15.0499,"Electromechanical Technologies/Technicians, Other",Postsecondary certificate > 60 semester credit hours,33,33,0,33,33,0,0,0,0
Lasers,15.0499,"Electromechanical Technologies/Technicians, Other",Associate's degree,631,574,57,631,631,57,0,0,0
Lasers,15.0499,"Electromechanical Technologies/Technicians, Other",Bachelor's degree,11,10,1,11,11,1,0,0,0
Lasers,40.0502,Analytical Chemistry,All award levels (total),28,13,15,27,27,14,1,0,1
Lasers,40.0502,Analytical Chemistry,Bachelor's degree,7,2,5,7,7,5,0,0,0
Lasers,40.0502,Analytical Chemistry,Master's degree,17,10,7,17,17,7,0,0,0
Lasers,40.0502,Analytical Chemistry,Doctor's degree – research/scholarship,2,1,1,1,1,0,1,0,1
Lasers,40.0502,Analytical Chemistry,Postbaccalaureate certificate,2,0,2,2,2,2,0,0,0
Lasers,40.0807,Optics/Optical Sciences,All award levels (total),220,166,54,163,163,38,57,41,16
Lasers,40.0807,Optics/Optical Sciences,Bachelor's degree,36,29,7,31,31,7,5,5,0
Lasers,40.0807,Optics/Optical Sciences,Master's degree,110,83,27,80,80,18,30,21,9
Lasers,40.0807,Optics/Optical Sciences,Doctor's degree – research/scholarship,59,42,17,38,38,11,21,15,6
Lasers,40.0807,Optics/Optical Sciences,Postbaccalaureate certificate,15,12,3,14,14,2,1,0,1
Lasers,40.0808,Condensed Matter and Materials Physics,All award levels (total),6,5,1,0,0,0,6,5,1
Lasers,40.0808,Condensed Matter and Materials Physics,Doctor's degree – research/scholarship,6,5,1,0,0,0,6,5,1
Materials Science,14.0601,Ceramic Sciences and Engineering,All award levels (total),100,61,39,91,91,37,9,7,2
Materials Science,14.0601,Ceramic Sciences and Engineering,Bachelor's degree,73,41,32,73,73,32,0,0,0
Materials Science,14.0601,Ceramic Sciences and Engineering,Master's degree,16,10,6,10,10,4,6,4,2
Materials Science,14.0601,Ceramic Sciences and Engineering,Doctor's degree – research/scholarship,11,10,1,8,8,1,3,3,0
Materials Science,14.0701,Chemical Engineering,All award levels (total),11980,7206,4774,9953,9953,4019,2027,1272,755
Materials Science,14.0701,Chemical Engineering,Postsecondary certificate < 60 semester credit hours,23,8,15,23,23,15,0,0,0
Materials Science,14.0701,Chemical Engineering,Associate's degree,32,20,12,28,28,11,4,3,1
Materials Science,14.0701,Chemical Engineering,Bachelor's degree,9282,5507,3775,8447,8447,3479,835,539,296
Materials Science,14.0701,Chemical Engineering,Master's degree,1494,916,578,914,914,349,580,351,229
Materials Science,14.0701,Chemical Engineering,Doctor's degree – research/scholarship,1138,747,391,537,537,164,601,374,227
Materials Science,14.0701,Chemical Engineering,Postbaccalaureate certificate,4,3,1,2,2,1,2,2,0
Materials Science,14.0701,Chemical Engineering,Post-master's certificate,7,5,2,2,2,0,5,3,2
Materials Science,14.0702,Chemical and Biomolecular Engineering,All award levels (total),266,155,111,197,197,91,69,49,20
Materials Science,14.0702,Chemical and Biomolecular Engineering,Associate's degree,4,3,1,4,4,1,0,0,0
Materials Science,14.0702,Chemical and Biomolecular Engineering,Bachelor's degree,152,76,76,136,136,70,16,10,6
Materials Science,14.0702,Chemical and Biomolecular Engineering,Master's degree,62,37,25,35,35,15,27,17,10
Materials Science,14.0702,Chemical and Biomolecular Engineering,Doctor's degree – research/scholarship,48,39,9,22,22,5,26,22,4
Materials Science,14.1801,Materials Engineering,All award levels (total),3388,2257,1131,2452,2452,849,936,654,282
Materials Science,14.1801,Materials Engineering,Associate's degree,2,2,0,2,2,0,0,0,0
Materials Science,14.1801,Materials Engineering,Bachelor's degree,1535,1024,511,1367,1367,464,168,121,47
Materials Science,14.1801,Materials Engineering,Master's degree,1047,672,375,684,684,250,363,238,125
Materials Science,14.1801,Materials Engineering,Doctor's degree – research/scholarship,770,538,232,371,371,126,399,293,106
Materials Science,14.1801,Materials Engineering,Postbaccalaureate certificate,29,18,11,25,25,8,4,1,3
Materials Science,14.1801,Materials Engineering,Post-master's certificate,5,3,2,3,3,1,2,1,1
Materials Science,14.3201,Polymer/Plastics Engineering,All award levels (total),325,246,79,274,274,65,51,37,14
Materials Science,14.3201,Polymer/Plastics Engineering,Bachelor's degree,169,136,33,164,164,32,5,4,1
Materials Science,14.3201,Polymer/Plastics Engineering,Master's degree,85,63,22,69,69,20,16,14,2
Materials Science,14.3201,Polymer/Plastics Engineering,Doctor's degree – research/scholarship,56,38,18,28,28,7,28,17,11
Materials Science,14.3201,Polymer/Plastics Engineering,Postbaccalaureate certificate,15,9,6,13,13,6,2,2,0
Materials Science,14.9999,"Engineering, Other",All award levels (total),2777,1882,895,1980,1980,657,797,559,238
Materials Science,14.9999,"Engineering, Other",Postsecondary certificate < 60 semester credit hours,21,11,10,20,20,9,1,0,1
Materials Science,14.9999,"Engineering, Other",Associate's degree,10,9,1,10,10,1,0,0,0
Materials Science,14.9999,"Engineering, Other",Bachelor's degree,867,556,311,802,802,292,65,46,19
Materials Science,14.9999,"Engineering, Other",Master's degree,1414,976,438,829,829,263,585,410,175
Materials Science,14.9999,"Engineering, Other",Doctor's degree – research/scholarship,186,135,51,90,90,28,96,73,23
Materials Science,14.9999,"Engineering, Other",Postbaccalaureate certificate,243,177,66,208,208,51,35,20,15
Materials Science,14.9999,"Engineering, Other",Post-master's certificate,36,18,18,21,21,13,15,10,5
Materials Science,40.0507,Polymer Chemistry,All award levels (total),58,35,23,30,30,13,28,18,10
Materials Science,40.0507,Polymer Chemistry,Bachelor's degree,1,1,0,1,1,0,0,0,0
Materials Science,40.0507,Polymer Chemistry,Master's degree,37,23,14,22,22,8,15,9,6
Materials Science,40.0507,Polymer Chemistry,Doctor's degree – research/scholarship,20,11,9,7,7,5,13,9,4
Materials Science,40.0508,Chemical Physics,All award levels (total),46,26,20,40,40,16,6,2,4
Materials Science,40.0508,Chemical Physics,Bachelor's degree,28,15,13,27,27,13,1,1,0
Materials Science,40.0508,Chemical Physics,Master's degree,6,2,4,5,5,3,1,0,1
Materials Science,40.0508,Chemical Physics,Doctor's degree – research/scholarship,12,9,3,8,8,0,4,1,3
Materials Science,40.1001,Materials Science,All award levels (total),592,402,190,373,373,129,219,158,61
Materials Science,40.1001,Materials Science,Postsecondary certificate < 60 semester credit hours,2,0,2,1,1,1,1,0,1
Materials Science,40.1001,Materials Science,Bachelor's degree,160,97,63,127,127,52,33,22,11
Materials Science,40.1001,Materials Science,Master's degree,230,166,64,136,136,41,94,71,23
Materials Science,40.1001,Materials Science,Doctor's degree – research/scholarship,190,130,60,102,102,34,88,62,26
Materials Science,40.1001,Materials Science,Postbaccalaureate certificate,8,7,1,7,7,1,1,1,0
Materials Science,40.1001,Materials Science,Post-master's certificate,2,2,0,0,0,0,2,2,0
Materials Science,40.1002,Materials Chemistry,All award levels (total),23,14,9,14,14,4,9,4,5
Materials Science,40.1002,Materials Chemistry,Master's degree,13,9,4,11,11,3,2,1,1
Materials Science,40.1002,Materials Chemistry,Doctor's degree – research/scholarship,10,5,5,3,3,1,7,3,4
Neuroscience,26.0203,Biophysics,All award levels (total),310,187,123,244,244,98,66,41,25
Neuroscience,26.0203,Biophysics,Bachelor's degree,154,87,67,141,141,60,13,6,7
Neuroscience,26.0203,Biophysics,Master's degree,32,18,14,18,18,10,14,10,4
Neuroscience,26.0203,Biophysics,Doctor's degree – research/scholarship,120,81,39,82,82,25,38,24,14
Neuroscience,26.0203,Biophysics,Doctor's degree – professional practice,3,0,3,3,3,3,0,0,0
Neuroscience,26.0203,Biophysics,Postbaccalaureate certificate,1,1,0,0,0,0,1,1,0
Neuroscience,26.1001,Pharmacology,All award levels (total),544,221,323,467,467,271,77,25,52
Neuroscience,26.1001,Pharmacology,Bachelor's degree,71,36,35,68,68,34,3,2,1
Neuroscience,26.1001,Pharmacology,Master's degree,258,95,163,222,222,137,36,10,26
Neuroscience,26.1001,Pharmacology,Doctor's degree – research/scholarship,207,88,119,170,170,95,37,13,24
Neuroscience,26.1001,Pharmacology,Postbaccalaureate certificate,5,2,3,5,5,3,0,0,0
Neuroscience,26.1001,Pharmacology,Post-master's certificate,3,0,3,2,2,2,1,0,1
Neuroscience,26.1003,Neuropharmacology,All award levels (total),27,8,19,27,27,19,0,0,0
Neuroscience,26.1003,Neuropharmacology,Master's degree,27,8,19,27,27,19,0,0,0
Neuroscience,26.1007,Pharmacology and Toxicology,All award levels (total),181,66,115,141,141,88,40,13,27
Neuroscience,26.1007,Pharmacology and Toxicology,Bachelor's degree,52,19,33,48,48,31,4,2,2
Neuroscience,26.1007,Pharmacology and Toxicology,Master's degree,102,35,67,70,70,44,32,9,23
Neuroscience,26.1007,Pharmacology and Toxicology,Doctor's degree – research/scholarship,27,12,15,23,23,13,4,2,2
Neuroscience,26.1501,Neuroscience,All award levels (total),11161,3512,7649,10597,10597,7285,564,200,364
Neuroscience,26.1501,Neuroscience,Postsecondary certificate < 60 semester credit hours,40,10,30,40,40,30,0,0,0
Neuroscience,26.1501,Neuroscience,Associate's degree,5,1,4,5,5,4,0,0,0
Neuroscience,26.1501,Neuroscience,Bachelor's degree,9902,2991,6911,9511,9511,6637,391,117,274
Neuroscience,26.1501,Neuroscience,Master's degree,443,161,282,388,388,248,55,21,34
Neuroscience,26.1501,Neuroscience,Doctor's degree – research/scholarship,724,332,392,611,611,339,113,60,53
Neuroscience,26.1501,Neuroscience,Postbaccalaureate certificate,24,6,18,22,22,17,2,1,1
Neuroscience,26.1501,Neuroscience,Post-master's certificate,23,11,12,20,20,10,3,1,2
Neuroscience,26.1503,Neurobiology and Anatomy,All award levels (total),949,310,639,890,890,601,59,21,38
Neuroscience,26.1503,Neurobiology and Anatomy,Bachelor's degree,835,261,574,791,791,546,44,16,28
Neuroscience,26.1503,Neurobiology and Anatomy,Master's degree,36,13,23,29,29,19,7,3,4
Neuroscience,26.1503,Neurobiology and Anatomy,Doctor's degree – research/scholarship,74,34,40,66,66,34,8,2,6
Neuroscience,26.1503,Neurobiology and Anatomy,Postbaccalaureate certificate,4,2,2,4,4,2,0,0,0
Neuroscience,26.1504,Neurobiology and Behavior,All award levels (total),195,36,159,190,190,155,5,1,4
Neuroscience,26.1504,Neurobiology and Behavior,Bachelor's degree,172,27,145,169,169,142,3,0,3
Neuroscience,26.1504,Neurobiology and Behavior,Master's degree,12,4,8,10,10,7,2,1,1
Neuroscience,26.1504,Neurobiology and Behavior,Doctor's degree – research/scholarship,11,5,6,11,11,6,0,0,0
Neuroscience,42.2701,Cognitive Psychology and Psycholinguistics,All award levels (total),284,80,204,232,232,167,52,15,37
Neuroscience,42.2701,Cognitive Psychology and Psycholinguistics,Bachelor's degree,207,52,155,187,187,140,20,5,15
Neuroscience,42.2701,Cognitive Psychology and Psycholinguistics,Master's degree,37,10,27,19,19,13,18,4,14
Neuroscience,42.2701,Cognitive Psychology and Psycholinguistics,Doctor's degree – research/scholarship,29,13,16,19,19,9,10,3,7
Neuroscience,42.2701,Cognitive Psychology and Psycholinguistics,Postbaccalaureate certificate,11,5,6,7,7,5,4,3,1
Neuroscience,42.2706,Behavioral Neuroscience,All award levels (total),1364,303,1061,1318,1318,1024,46,9,37
Neuroscience,42.2706,Behavioral Neuroscience,Associate's degree,1,0,1,1,1,1,0,0,0
Neuroscience,42.2706,Behavioral Neuroscience,Bachelor's degree,1286,282,1004,1255,1255,980,31,7,24
Neuroscience,42.2706,Behavioral Neuroscience,Master's degree,47,11,36,37,37,27,10,1,9
Neuroscience,42.2706,Behavioral Neuroscience,Doctor's degree – research/scholarship,30,10,20,25,25,16,5,1,4
Robotics,11.0102,Artificial Intelligence,All award levels (total),703,511,192,379,379,110,324,242,82
Robotics,11.0102,Artificial Intelligence,Associate's degree,7,6,1,7,7,1,0,0,0
Robotics,11.0102,Artificial Intelligence,Bachelor's degree,104,71,33,85,85,25,19,11,8
Robotics,11.0102,Artificial Intelligence,Master's degree,486,352,134,224,224,72,262,200,62
Robotics,11.0102,Artificial Intelligence,Doctor's degree – research/scholarship,37,28,9,9,9,3,28,22,6
Robotics,11.0102,Artificial Intelligence,Postbaccalaureate certificate,69,54,15,54,54,9,15,9,6
Robotics,11.0103,Information Technology,All award levels (total),27068,19582,7486,23395,23395,6004,3673,2191,1482
Robotics,11.0103,Information Technology,Postsecondary certificate < 60 semester credit hours,593,437,156,584,584,152,9,5,4
Robotics,11.0103,Information Technology,Postsecondary certificate > 60 semester credit hours,12,9,3,12,12,3,0,0,0
Robotics,11.0103,Information Technology,Associate's degree,5943,4554,1389,5824,5824,1348,119,78,41
Robotics,11.0103,Information Technology,Bachelor's degree,13586,10408,3178,12790,12790,2918,796,536,260
Robotics,11.0103,Information Technology,Master's degree,6419,3866,2553,3766,3766,1423,2653,1523,1130
Robotics,11.0103,Information Technology,Doctor's degree – research/scholarship,134,88,46,95,95,32,39,25,14
Robotics,11.0103,Information Technology,Postbaccalaureate certificate,350,199,151,295,295,118,55,22,33
Robotics,11.0103,Information Technology,Post-master's certificate,31,21,10,29,29,10,2,2,0
Robotics,14.0901,"Computer Engineering, General",All award levels (total),12499,10377,2122,9905,9905,1546,2594,2018,576
Robotics,14.0901,"Computer Engineering, General",Associate's degree,36,36,0,32,32,0,4,4,0
Robotics,14.0901,"Computer Engineering, General",Bachelor's degree,9963,8389,1574,8810,8810,1361,1153,940,213
Robotics,14.0901,"Computer Engineering, General",Master's degree,2056,1596,460,921,921,157,1135,832,303
Robotics,14.0901,"Computer Engineering, General",Doctor's degree – research/scholarship,402,320,82,102,102,22,300,240,60
Robotics,14.0901,"Computer Engineering, General",Postbaccalaureate certificate,26,22,4,24,24,4,2,2,0
Robotics,14.0901,"Computer Engineering, General",Post-master's certificate,16,14,2,16,16,2,0,0,0
Robotics,14.0903,Computer Software Engineering,All award levels (total),4057,3051,1006,2789,2789,548,1268,810,458
Robotics,14.0903,Computer Software Engineering,Postsecondary certificate < 60 semester credit hours,8,6,2,8,8,2,0,0,0
Robotics,14.0903,Computer Software Engineering,Associate's degree,75,53,22,75,75,22,0,0,0
Robotics,14.0903,Computer Software Engineering,Bachelor's degree,2153,1790,363,1958,1958,322,195,154,41
Robotics,14.0903,Computer Software Engineering,Master's degree,1731,1136,595,695,695,191,1036,632,404
Robotics,14.0903,Computer Software Engineering,Doctor's degree – research/scholarship,21,14,7,5,5,1,16,10,6
Robotics,14.0903,Computer Software Engineering,Postbaccalaureate certificate,69,52,17,48,48,10,21,14,7
Robotics,14.1001,Electrical and Electronics Engineering,All award levels (total),25759,21207,4552,18833,18833,3176,6926,5550,1376
Robotics,14.1001,Electrical and Electronics Engineering,Postsecondary certificate < 60 semester credit hours,160,142,18,160,160,18,0,0,0
Robotics,14.1001,Electrical and Electronics Engineering,Associate's degree,250,216,34,229,229,32,21,19,2
Robotics,14.1001,Electrical and Electronics Engineering,Bachelor's degree,16287,13573,2714,14305,14305,2415,1982,1683,299
Robotics,14.1001,Electrical and Electronics Engineering,Master's degree,6780,5394,1386,3454,3454,593,3326,2533,793
Robotics,14.1001,Electrical and Electronics Engineering,Doctor's degree – research/scholarship,2158,1775,383,588,588,107,1570,1294,276
Robotics,14.1001,Electrical and Electronics Engineering,Postbaccalaureate certificate,110,95,15,90,90,11,20,16,4
Robotics,14.1001,Electrical and Electronics Engineering,Post-master's certificate,14,12,2,7,7,0,7,5,2
Robotics,14.2701,Systems Engineering,All award levels (total),3719,2740,979,3177,3177,834,542,397,145
Robotics,14.2701,Systems Engineering,Bachelor's degree,727,498,229,668,668,212,59,42,17
Robotics,14.2701,Systems Engineering,Master's degree,2159,1576,583,1801,1801,477,358,252,106
Robotics,14.2701,Systems Engineering,Doctor's degree – research/scholarship,152,131,21,77,77,9,75,63,12
Robotics,14.2701,Systems Engineering,Postbaccalaureate certificate,653,511,142,605,605,133,48,39,9
Robotics,14.2701,Systems Engineering,Post-master's certificate,28,24,4,26,26,3,2,1,1
Robotics,14.4201,"Mechatronics, Robotics, and Automation Engineering",All award levels (total),1145,957,188,896,896,149,249,210,39
Robotics,14.4201,"Mechatronics, Robotics, and Automation Engineering",Postsecondary certificate < 60 semester credit hours,63,54,9,63,63,9,0,0,0
Robotics,14.4201,"Mechatronics, Robotics, and Automation Engineering",Associate's degree,93,78,15,93,93,15,0,0,0
Robotics,14.4201,"Mechatronics, Robotics, and Automation Engineering",Bachelor's degree,475,393,82,442,442,73,33,24,9
Robotics,14.4201,"Mechatronics, Robotics, and Automation Engineering",Master's degree,403,338,65,224,224,39,179,153,26
Robotics,14.4201,"Mechatronics, Robotics, and Automation Engineering",Doctor's degree – research/scholarship,61,56,5,26,26,2,35,32,3
Robotics,14.4201,"Mechatronics, Robotics, and Automation Engineering",Postbaccalaureate certificate,50,38,12,48,48,11,2,1,1
Robotics,15.0403,Electromechanical/Electromechanical Engineering Technology/Technician,All award levels (total),2227,2057,170,2195,2195,165,32,27,5
Robotics,15.0403,Electromechanical/Electromechanical Engineering Technology/Technician,Postsecondary certificate < 60 semester credit hours,982,917,65,976,976,65,6,6,0
Robotics,15.0403,Electromechanical/Electromechanical Engineering Technology/Technician,Associate's degree,920,848,72,910,910,69,10,7,3
Robotics,15.0403,Electromechanical/Electromechanical Engineering Technology/Technician,Bachelor's degree,318,289,29,302,302,27,16,14,2
Robotics,15.0403,Electromechanical/Electromechanical Engineering Technology/Technician,Master's degree,7,3,4,7,7,4,0,0,0
Robotics,15.0405,Robotics Technology/Technician,All award levels (total),381,327,54,369,369,51,12,9,3
Robotics,15.0405,Robotics Technology/Technician,Postsecondary certificate < 60 semester credit hours,93,81,12,93,93,12,0,0,0
Robotics,15.0405,Robotics Technology/Technician,Associate's degree,229,204,25,229,229,25,0,0,0
Robotics,15.0405,Robotics Technology/Technician,Bachelor's degree,30,21,9,29,29,9,1,1,0
Robotics,15.0405,Robotics Technology/Technician,Master's degree,29,21,8,18,18,5,11,8,3
Robotics,15.0406,Automation Engineer Technology/Technician,All award levels (total),831,768,63,825,825,63,6,6,0
Robotics,15.0406,Automation Engineer Technology/Technician,Postsecondary certificate < 60 semester credit hours,228,214,14,227,227,14,1,1,0
Robotics,15.0406,Automation Engineer Technology/Technician,Postsecondary certificate > 60 semester credit hours,12,12,0,12,12,0,0,0,0
Robotics,15.0406,Automation Engineer Technology/Technician,Associate's degree,477,445,32,472,472,32,5,5,0
Robotics,15.0406,Automation Engineer Technology/Technician,Bachelor's degree,111,96,15,111,111,15,0,0,0
Robotics,15.0406,Automation Engineer Technology/Technician,Master's degree,2,0,2,2,2,2,0,0,0
Robotics,15.0406,Automation Engineer Technology/Technician,Postbaccalaureate certificate,1,1,0,1,1,0,0,0,0
Semiconductors,14.0701,Chemical Engineering,All award levels (total),11980,7206,4774,9953,9953,4019,2027,1272,755
Semiconductors,14.0701,Chemical Engineering,Postsecondary certificate < 60 semester credit hours,23,8,15,23,23,15,0,0,0
Semiconductors,14.0701,Chemical Engineering,Associate's degree,32,20,12,28,28,11,4,3,1
Semiconductors,14.0701,Chemical Engineering,Bachelor's degree,9282,5507,3775,8447,8447,3479,835,539,296
Semiconductors,14.0701,Chemical Engineering,Master's degree,1494,916,578,914,914,349,580,351,229
Semiconductors,14.0701,Chemical Engineering,Doctor's degree – research/scholarship,1138,747,391,537,537,164,601,374,227
Semiconductors,14.0701,Chemical Engineering,Postbaccalaureate certificate,4,3,1,2,2,1,2,2,0
Semiconductors,14.0701,Chemical Engineering,Post-master's certificate,7,5,2,2,2,0,5,3,2
Semiconductors,14.0702,Chemical and Biomolecular Engineering,All award levels (total),266,155,111,197,197,91,69,49,20
Semiconductors,14.0702,Chemical and Biomolecular Engineering,Associate's degree,4,3,1,4,4,1,0,0,0
Semiconductors,14.0702,Chemical and Biomolecular Engineering,Bachelor's degree,152,76,76,136,136,70,16,10,6
Semiconductors,14.0702,Chemical and Biomolecular Engineering,Master's degree,62,37,25,35,35,15,27,17,10
Semiconductors,14.0702,Chemical and Biomolecular Engineering,Doctor's degree – research/scholarship,48,39,9,22,22,5,26,22,4
Semiconductors,14.0902,Computer Hardware Engineering,All award levels (total),45,39,6,35,35,2,10,6,4
Semiconductors,14.0902,Computer Hardware Engineering,Bachelor's degree,7,5,2,6,6,1,1,0,1
Semiconductors,14.0902,Computer Hardware Engineering,Master's degree,37,33,4,28,28,1,9,6,3
Semiconductors,14.0902,Computer Hardware Engineering,Doctor's degree – research/scholarship,1,1,0,1,1,0,0,0,0
Semiconductors,14.1001,Electrical and Electronics Engineering,All award levels (total),25759,21207,4552,18833,18833,3176,6926,5550,1376
Semiconductors,14.1001,Electrical and Electronics Engineering,Postsecondary certificate < 60 semester credit hours,160,142,18,160,160,18,0,0,0
Semiconductors,14.1001,Electrical and Electronics Engineering,Associate's degree,250,216,34,229,229,32,21,19,2
Semiconductors,14.1001,Electrical and Electronics Engineering,Bachelor's degree,16287,13573,2714,14305,14305,2415,1982,1683,299
Semiconductors,14.1001,Electrical and Electronics Engineering,Master's degree,6780,5394,1386,3454,3454,593,3326,2533,793
Semiconductors,14.1001,Electrical and Electronics Engineering,Doctor's degree – research/scholarship,2158,1775,383,588,588,107,1570,1294,276
Semiconductors,14.1001,Electrical and Electronics Engineering,Postbaccalaureate certificate,110,95,15,90,90,11,20,16,4
Semiconductors,14.1001,Electrical and Electronics Engineering,Post-master's certificate,14,12,2,7,7,0,7,5,2
Semiconductors,14.3201,Polymer/Plastics Engineering,All award levels (total),325,246,79,274,274,65,51,37,14
Semiconductors,14.3201,Polymer/Plastics Engineering,Bachelor's degree,169,136,33,164,164,32,5,4,1
Semiconductors,14.3201,Polymer/Plastics Engineering,Master's degree,85,63,22,69,69,20,16,14,2
Semiconductors,14.3201,Polymer/Plastics Engineering,Doctor's degree – research/scholarship,56,38,18,28,28,7,28,17,11
Semiconductors,14.3201,Polymer/Plastics Engineering,Postbaccalaureate certificate,15,9,6,13,13,6,2,2,0
Semiconductors,14.4101,Electromechanical Engineering,All award levels (total),32,28,4,28,28,4,4,4,0
Semiconductors,14.4101,Electromechanical Engineering,Associate's degree,4,2,2,4,4,2,0,0,0
Semiconductors,14.4101,Electromechanical Engineering,Bachelor's degree,27,26,1,23,23,1,4,4,0
Semiconductors,14.4101,Electromechanical Engineering,Doctor's degree – research/scholarship,1,0,1,1,1,1,0,0,0
Semiconductors,14.9999,"Engineering, Other",All award levels (total),2777,1882,895,1980,1980,657,797,559,238
Semiconductors,14.9999,"Engineering, Other",Postsecondary certificate < 60 semester credit hours,21,11,10,20,20,9,1,0,1
Semiconductors,14.9999,"Engineering, Other",Associate's degree,10,9,1,10,10,1,0,0,0
Semiconductors,14.9999,"Engineering, Other",Bachelor's degree,867,556,311,802,802,292,65,46,19
Semiconductors,14.9999,"Engineering, Other",Master's degree,1414,976,438,829,829,263,585,410,175
Semiconductors,14.9999,"Engineering, Other",Doctor's degree – research/scholarship,186,135,51,90,90,28,96,73,23
Semiconductors,14.9999,"Engineering, Other",Postbaccalaureate certificate,243,177,66,208,208,51,35,20,15
Semiconductors,14.9999,"Engineering, Other",Post-master's certificate,36,18,18,21,21,13,15,10,5
Semiconductors,15.0303,"Electrical, Electronic, and Communications Engineering Technology/Technician",All award levels (total),4260,3870,390,4138,4138,363,122,95,27
Semiconductors,15.0303,"Electrical, Electronic, and Communications Engineering Technology/Technician",Postsecondary certificate < 60 semester credit hours,614,573,41,603,603,38,11,8,3
Semiconductors,15.0303,"Electrical, Electronic, and Communications Engineering Technology/Technician",Postsecondary certificate > 60 semester credit hours,4,2,2,4,4,2,0,0,0
Semiconductors,15.0303,"Electrical, Electronic, and Communications Engineering Technology/Technician",Associate's degree,2358,2143,215,2312,2312,200,46,31,15
Semiconductors,15.0303,"Electrical, Electronic, and Communications Engineering Technology/Technician",Bachelor's degree,1273,1144,129,1214,1214,122,59,52,7
Semiconductors,15.0303,"Electrical, Electronic, and Communications Engineering Technology/Technician",Master's degree,11,8,3,5,5,1,6,4,2
Semiconductors,15.0616,Semiconductor Manufacturing Technology/Technician,All award levels (total),3,1,2,3,3,2,0,0,0
Semiconductors,15.0616,Semiconductor Manufacturing Technology/Technician,Postbaccalaureate certificate,3,1,2,3,3,2,0,0,0
Semiconductors,40.0808,Condensed Matter and Materials Physics,All award levels (total),6,5,1,0,0,0,6,5,1
Semiconductors,40.0808,Condensed Matter and Materials Physics,Doctor's degree – research/scholarship,6,5,1,0,0,0,6,5,1
Space,14.0201,"Aerospace, Aeronautical, and Astronautical/Space Engineering, General",All award levels (total),8617,7143,1474,7759,7759,1331,858,715,143
Space,14.0201,"Aerospace, Aeronautical, and Astronautical/Space Engineering, General",Associate's degree,50,38,12,49,49,12,1,1,0
Space,14.0201,"Aerospace, Aeronautical, and Astronautical/Space Engineering, General",Bachelor's degree,5944,4923,1021,5585,5585,970,359,308,51
Space,14.0201,"Aerospace, Aeronautical, and Astronautical/Space Engineering, General",Master's degree,2077,1715,362,1791,1791,306,286,230,56
Space,14.0201,"Aerospace, Aeronautical, and Astronautical/Space Engineering, General",Doctor's degree – research/scholarship,442,376,66,235,235,30,207,171,36
Space,14.0201,"Aerospace, Aeronautical, and Astronautical/Space Engineering, General",Postbaccalaureate certificate,103,90,13,98,98,13,5,5,0
Space,14.0201,"Aerospace, Aeronautical, and Astronautical/Space Engineering, General",Post-master's certificate,1,1,0,1,1,0,0,0,0
Space,14.0804,Transportation and Highway Engineering,All award levels (total),129,85,44,83,83,24,46,26,20
Space,14.0804,Transportation and Highway Engineering,Bachelor's degree,17,16,1,16,16,1,1,1,0
Space,14.0804,Transportation and Highway Engineering,Master's degree,79,47,32,57,57,22,22,12,10
Space,14.0804,Transportation and Highway Engineering,Doctor's degree – research/scholarship,28,18,10,5,5,0,23,13,10
Space,14.0804,Transportation and Highway Engineering,Postbaccalaureate certificate,5,4,1,5,5,1,0,0,0
Space,14.2201,Naval Architecture and Marine Engineering,All award levels (total),440,373,67,422,422,62,18,13,5
Space,14.2201,Naval Architecture and Marine Engineering,Postsecondary certificate < 60 semester credit hours,9,8,1,9,9,1,0,0,0
Space,14.2201,Naval Architecture and Marine Engineering,Bachelor's degree,374,317,57,368,368,55,6,4,2
Space,14.2201,Naval Architecture and Marine Engineering,Master's degree,37,33,4,30,30,3,7,6,1
Space,14.2201,Naval Architecture and Marine Engineering,Doctor's degree – research/scholarship,12,7,5,7,7,3,5,3,2
Space,14.2201,Naval Architecture and Marine Engineering,Postbaccalaureate certificate,8,8,0,8,8,0,0,0,0
Space,14.2401,Ocean Engineering,All award levels (total),296,207,89,272,272,84,24,19,5
Space,14.2401,Ocean Engineering,Bachelor's degree,200,142,58,199,199,58,1,1,0
Space,14.2401,Ocean Engineering,Master's degree,67,47,20,58,58,19,9,8,1
Space,14.2401,Ocean Engineering,Doctor's degree – research/scholarship,10,6,4,3,3,2,7,5,2
Space,14.2401,Ocean Engineering,Postbaccalaureate certificate,13,10,3,6,6,1,7,5,2
Space,14.2401,Ocean Engineering,Post-master's certificate,6,2,4,6,6,4,0,0,0
Space,29.0305,Space Systems Operations,All award levels (total),81,65,16,81,81,16,0,0,0
Space,29.0305,Space Systems Operations,Bachelor's degree,17,12,5,17,17,5,0,0,0
Space,29.0305,Space Systems Operations,Master's degree,40,32,8,40,40,8,0,0,0
Space,29.0305,Space Systems Operations,Postbaccalaureate certificate,24,21,3,24,24,3,0,0,0
Space,40.0201,Astronomy,All award levels (total),764,444,320,658,658,281,106,67,39
Space,40.0201,Astronomy,Associate's degree,17,9,8,17,17,8,0,0,0
Space,40.0201,Astronomy,Bachelor's degree,522,307,215,468,468,194,54,33,21
Space,40.0201,Astronomy,Master's degree,104,60,44,85,85,38,19,13,6
Space,40.0201,Astronomy,Doctor's degree – research/scholarship,118,67,51,86,86,40,32,21,11
Space,40.0201,Astronomy,Post-master's certificate,3,1,2,2,2,1,1,0,1
Space,40.0202,Astrophysics,All award levels (total),437,249,188,381,381,162,56,30,26
Space,40.0202,Astrophysics,Bachelor's degree,356,197,159,317,317,139,39,19,20
Space,40.0202,Astrophysics,Master's degree,31,21,10,23,23,7,8,5,3
Space,40.0202,Astrophysics,Doctor's degree – research/scholarship,50,31,19,41,41,16,9,6,3
Space,40.0601,"Geology/Earth Science, General",All award levels (total),6186,3252,2934,5734,5734,2745,452,263,189
Space,40.0601,"Geology/Earth Science, General",Postsecondary certificate < 60 semester credit hours,3,2,1,3,3,1,0,0,0
Space,40.0601,"Geology/Earth Science, General",Associate's degree,129,62,67,129,129,67,0,0,0
Space,40.0601,"Geology/Earth Science, General",Bachelor's degree,4418,2320,2098,4231,4231,2015,187,104,83
Space,40.0601,"Geology/Earth Science, General",Master's degree,1163,612,551,1046,1046,505,117,71,46
Space,40.0601,"Geology/Earth Science, General",Doctor's degree – research/scholarship,452,249,203,308,308,146,144,87,57
Space,40.0601,"Geology/Earth Science, General",Postbaccalaureate certificate,12,7,5,11,11,5,1,1,0
Space,40.0601,"Geology/Earth Science, General",Post-master's certificate,9,0,9,6,6,6,3,0,3
Space,40.0603,Geophysics and Seismology,All award levels (total),238,149,89,172,172,73,66,50,16
Space,40.0603,Geophysics and Seismology,Bachelor's degree,99,56,43,92,92,42,7,6,1
Space,40.0603,Geophysics and Seismology,Master's degree,65,41,24,53,53,21,12,9,3
Space,40.0603,Geophysics and Seismology,Doctor's degree – research/scholarship,72,50,22,25,25,10,47,35,12
Space,40.0603,Geophysics and Seismology,Postbaccalaureate certificate,2,2,0,2,2,0,0,0,0
Space,40.0802,Atomic/Molecular Physics,All award levels (total),7,4,3,5,5,3,2,2,0
Space,40.0802,Atomic/Molecular Physics,Bachelor's degree,1,1,0,0,0,0,1,1,0
Space,40.0802,Atomic/Molecular Physics,Master's degree,3,1,2,3,3,2,0,0,0
Space,40.0802,Atomic/Molecular Physics,Doctor's degree – research/scholarship,3,2,1,2,2,1,1,1,0
Sustainable Energy Technology,3.0101,"Natural Resources/Conservation, General",All award levels (total),2840,1219,1621,2693,2693,1542,147,68,79
Sustainable Energy Technology,3.0101,"Natural Resources/Conservation, General",Postsecondary certificate < 60 semester credit hours,70,44,26,69,69,26,1,1,0
Sustainable Energy Technology,3.0101,"Natural Resources/Conservation, General",Associate's degree,299,190,109,299,299,109,0,0,0
Sustainable Energy Technology,3.0101,"Natural Resources/Conservation, General",Bachelor's degree,1502,629,873,1476,1476,854,26,7,19
Sustainable Energy Technology,3.0101,"Natural Resources/Conservation, General",Master's degree,787,275,512,716,716,477,71,36,35
Sustainable Energy Technology,3.0101,"Natural Resources/Conservation, General",Doctor's degree – research/scholarship,114,51,63,85,85,47,29,13,16
Sustainable Energy Technology,3.0101,"Natural Resources/Conservation, General",Postbaccalaureate certificate,68,30,38,48,48,29,20,11,9
Sustainable Energy Technology,3.0104,Environmental Science,All award levels (total),9355,3797,5558,9013,9013,5336,342,120,222
Sustainable Energy Technology,3.0104,Environmental Science,Postsecondary certificate < 60 semester credit hours,17,6,11,17,17,11,0,0,0
Sustainable Energy Technology,3.0104,Environmental Science,Associate's degree,354,174,180,349,349,176,5,1,4
Sustainable Energy Technology,3.0104,Environmental Science,Bachelor's degree,7684,3127,4557,7493,7493,4434,191,68,123
Sustainable Energy Technology,3.0104,Environmental Science,Master's degree,1059,393,666,968,968,605,91,30,61
Sustainable Energy Technology,3.0104,Environmental Science,Doctor's degree – research/scholarship,194,79,115,143,143,84,51,20,31
Sustainable Energy Technology,3.0104,Environmental Science,Postbaccalaureate certificate,38,14,24,34,34,21,4,1,3
Sustainable Energy Technology,3.0104,Environmental Science,Post-master's certificate,9,4,5,9,9,5,0,0,0
Sustainable Energy Technology,3.0201,"Environmental/Natural Resources Management and Policy, General",All award levels (total),1578,733,845,1546,1546,826,32,13,19
Sustainable Energy Technology,3.0201,"Environmental/Natural Resources Management and Policy, General",Associate's degree,29,23,6,29,29,6,0,0,0
Sustainable Energy Technology,3.0201,"Environmental/Natural Resources Management and Policy, General",Bachelor's degree,707,385,322,703,703,321,4,3,1
Sustainable Energy Technology,3.0201,"Environmental/Natural Resources Management and Policy, General",Master's degree,659,252,407,640,640,394,19,6,13
Sustainable Energy Technology,3.0201,"Environmental/Natural Resources Management and Policy, General",Doctor's degree – research/scholarship,13,7,6,9,9,4,4,2,2
Sustainable Energy Technology,3.0201,"Environmental/Natural Resources Management and Policy, General",Postbaccalaureate certificate,169,66,103,164,164,100,5,2,3
Sustainable Energy Technology,3.0201,"Environmental/Natural Resources Management and Policy, General",Post-master's certificate,1,0,1,1,1,1,0,0,0
Sustainable Energy Technology,3.0205,"Water, Wetlands, and Marine Resources Management",All award levels (total),320,139,181,310,310,177,10,6,4
Sustainable Energy Technology,3.0205,"Water, Wetlands, and Marine Resources Management",Postsecondary certificate < 60 semester credit hours,11,5,6,11,11,6,0,0,0
Sustainable Energy Technology,3.0205,"Water, Wetlands, and Marine Resources Management",Associate's degree,28,11,17,28,28,17,0,0,0
Sustainable Energy Technology,3.0205,"Water, Wetlands, and Marine Resources Management",Bachelor's degree,77,42,35,77,77,35,0,0,0
Sustainable Energy Technology,3.0205,"Water, Wetlands, and Marine Resources Management",Master's degree,186,71,115,178,178,112,8,5,3
Sustainable Energy Technology,3.0205,"Water, Wetlands, and Marine Resources Management",Doctor's degree – research/scholarship,5,4,1,4,4,1,1,1,0
Sustainable Energy Technology,3.0205,"Water, Wetlands, and Marine Resources Management",Postbaccalaureate certificate,13,6,7,12,12,6,1,0,1
Sustainable Energy Technology,3.0206,Land Use Planning and Management/Development,All award levels (total),83,49,34,79,79,32,4,2,2
Sustainable Energy Technology,3.0206,Land Use Planning and Management/Development,Bachelor's degree,36,31,5,36,36,5,0,0,0
Sustainable Energy Technology,3.0206,Land Use Planning and Management/Development,Master's degree,39,15,24,36,36,23,3,2,1
Sustainable Energy Technology,3.0206,Land Use Planning and Management/Development,Doctor's degree – research/scholarship,1,0,1,1,1,1,0,0,0
Sustainable Energy Technology,3.0206,Land Use Planning and Management/Development,Postbaccalaureate certificate,7,3,4,6,6,3,1,0,1
Sustainable Energy Technology,14.0805,Water Resources Engineering,All award levels (total),50,23,27,47,47,27,3,3,0
Sustainable Energy Technology,14.0805,Water Resources Engineering,Associate's degree,1,0,1,1,1,1,0,0,0
Sustainable Energy Technology,14.0805,Water Resources Engineering,Bachelor's degree,4,3,1,4,4,1,0,0,0
Sustainable Energy Technology,14.0805,Water Resources Engineering,Master's degree,30,13,17,29,29,17,1,1,0
Sustainable Energy Technology,14.0805,Water Resources Engineering,Doctor's degree – research/scholarship,8,5,3,6,6,3,2,2,0
Sustainable Energy Technology,14.0805,Water Resources Engineering,Postbaccalaureate certificate,7,2,5,7,7,5,0,0,0
Sustainable Energy Technology,14.1401,Environmental/Environmental Health Engineering,All award levels (total),2832,1263,1569,2424,2424,1384,408,223,185
Sustainable Energy Technology,14.1401,Environmental/Environmental Health Engineering,Associate's degree,2,1,1,2,2,1,0,0,0
Sustainable Energy Technology,14.1401,Environmental/Environmental Health Engineering,Bachelor's degree,1915,827,1088,1788,1788,1025,127,64,63
Sustainable Energy Technology,14.1401,Environmental/Environmental Health Engineering,Master's degree,739,345,394,547,547,305,192,103,89
Sustainable Energy Technology,14.1401,Environmental/Environmental Health Engineering,Doctor's degree – research/scholarship,156,77,79,75,75,48,81,50,31
Sustainable Energy Technology,14.1401,Environmental/Environmental Health Engineering,Postbaccalaureate certificate,10,5,5,10,10,5,0,0,0
Sustainable Energy Technology,14.1401,Environmental/Environmental Health Engineering,Post-master's certificate,10,8,2,2,2,0,8,6,2
Sustainable Energy Technology,15.0507,Environmental/Environmental Engineering Technology/Technician,All award levels (total),305,208,97,292,292,93,13,9,4
Sustainable Energy Technology,15.0507,Environmental/Environmental Engineering Technology/Technician,Postsecondary certificate < 60 semester credit hours,12,7,5,11,11,5,1,1,0
Sustainable Energy Technology,15.0507,Environmental/Environmental Engineering Technology/Technician,Associate's degree,141,102,39,138,138,39,3,3,0
Sustainable Energy Technology,15.0507,Environmental/Environmental Engineering Technology/Technician,Bachelor's degree,109,81,28,106,106,28,3,3,0
Sustainable Energy Technology,15.0507,Environmental/Environmental Engineering Technology/Technician,Master's degree,43,18,25,37,37,21,6,2,4
